1355
223
238
248
252
249
239
219
188
146
90
21
-65
-169
-291
-433
-597
-784
-996
-1235
-1500
-1794
-2118
-2472
-2858
-3275
-3726
-4210
-4729
-5280
-5861
-6480
-7127
-7807
-8516
-9253
-10017
-10805
-11615
-12444
-13290
-14148
-15016
-15889
-16764
-17636
-18501
-19353
-20189
-21002
-21787
-22539
-23252
-23922
-24541
-25105
-25608
-26044
-26409
-26697
-26903
-27023
-27051
-26986
-26821
-26555
-26185
-25708
-25124
-24429
-23626
-22713
-21691
-20562
-19329
-17993
-16560
-15033
-13418
-11721
-9948
-8107
-6205
-4252
-2257
-229
1820
3880
5940
7987
10011
11997
13935
15811
17613
19329
20946
22452
23835
25085
26190
27141
27928
28543
28977
29225
29279
29137
28794
28247
27497
26544
25388
24034
22486
20749
18832
16742
14491
12089
9550
6887
4116
1254
-1683
-4675
-7704
-10748
-13789
-16804
-19772
-22672
-25481
-28177
-30740
-33148
-35381
-37418
-39242
-40833
-42176
-43255
-44056
-44567
-44777
-44677
-44262
-43526
-42467
-41085
-39381
-37361
-35031
-32400
-29479
-26284
-22829
-19134
-15218
-11105
-6820
-2387
2163
6802
11499
16221
20935
25608
30205
34691
39033
43195
47143
50845
54269
57383
60158
62566
64582
66183
67347
68057
68296
68053
67319
66088
64358
62129
59407
56201
52523
48389
43818
38834
33464
27739
21691
15357
8777
1993
-4950
-12006
-19126
-26261
-33357
-40365
-47230
-53900
-60322
-66446
-72219
-77593
-82520
-86956
-90856
-94183
-96900
-98973
-100375
-101082
-101074
-100335
-98857
-96634
-93668
-89964
-85535
-80397
-74575
-68095
-60992
-53305
-45077
-36359
-27204
-17669
-7816
2288
12577
22977
33415
43816
54104
64200
74028
83509
92569
101132
109126
116482
123133
129016
134074
138254
141507
143793
145076
145326
144522
142650
139703
135682
130596
124461
117303
109155
100058
90060
79218
67595
55262
42297
28782
14806
464
-14147
-28923
-43759
-58548
-73180
-87544
-101530
-115028
-127930
-140130
-151525
-162018
-171514
-179925
-187169
-193173
-197870
-201201
-203117
-203579
-202557
-200032
-195995
-190450
-183411
-174902
-164961
-153634
-140982
-127074
-111990
-95821
-78667
-60638
-41850
-22430
-2509
17773
38275
58847
79340
99601
119477
138813
157458
175262
192080
207769
222196
235231
246756
256658
264838
271205
275682
278204
278719
277191
273595
267923
260184
250399
238607
224862
209233
191805
172676
151959
129784
106288
81625
55958
29460
2315
-25288
-53151
-81072
-108846
-136264
-163117
-189197
-214298
-238219
-260764
-281742
-300973
-318287
-333525
-346540
-357201
-365391
-371009
-373974
-374222
-371706
-366403
-358308
-347436
-333826
-317534
-298639
-277242
-253461
-227437
-199326
-169306
-137570
-104326
-69799
-34224
2151
39066
76258
113453
150376
186747
222289
256725
289781
321191
350697
378050
403015
425369
444907
461441
474803
484845
491444
494497
493930
489692
481759
470136
454853
435970
413574
387778
358725
326582
291543
253825
213669
171339
127117
81304
34218
-13809
-62433
-111302
-160054
-208327
-255752
-301966
-346605
-389315
-429749
-467575
-502471
-534137
-562289
-586667
-607035
-623185
-634934
-642132
-644660
-642433
-635399
-623542
-606882
-585473
-559409
-528816
-493859
-454737
-411681
-364957
-314862
-261721
-205887
-147739
-87677
-26123
36487
99698
163050
226072
288288
349224
408408
465373
519665
570840
618474
662163
701526
736209
765889
790275
809112
822183
829311
830361
825241
813905
796352
772628
742824
707080
665582
618560
566290
509089
447319
381377
311699
238754
163042
85091
5452
-75304
-156588
-237801
-318335
-397581
-474929
-549777
-621531
-689614
-753468
-812560
-866384
-914468
-956375
-991710
-1020121
-1041302
-1054998
-1061007
-1059182
-1049431
-1031721
-1006078
-972588
-931396
-882707
-826785
-763952
-694584
-619114
-538023
-451844
-361151
-266564
-168736
-68356
33860
137173
240826
344047
446062
546090
643359
737105
826581
911063
989852
1062286
1127738
1185629
1235424
1276647
1308875
1331749
1344976
1348329
1341653
1324867
1297962
1261007
1214146
1157599
1091662
1016702
933164
841557
742461
636519
524432
406957
284902
159119
30499
-100033
-231527
-363012
-493506
-622019
-747565
-869167
-985863
-1096717
-1200823
-1297314
-1385369
-1464219
-1533152
-1591524
-1638759
-1674357
-1697899
-1709050
-1707564
-1693285
-1666152
-1626199
-1573554
-1508444
-1431192
-1342214
-1242022
-1131216
-1010484
-880598
-742407
-596836
-444875
-287575
-126041
38574
205082
372261
538872
703661
865372
1022754
1174574
1319622
1456723
1584747
1702614
1809308
1903881
1985464
2053273
2106616
2144899
2167635
2174443
2165058
2139333
2097237
2038866
1964434
1874281
1768867
1648773
1514698
1367452
1207957
1037239
856419
666711
469411
265889
57582
-154021
-367382
-580931
-793076
-1002212
-1206733
-1405047
-1595587
-1776819
-1947261
-2105487
-2250144
-2379961
-2493760
-2590464
-2669111
-2728856
-2768988
-2788926
-2788236
-2766628
-2723966
-2660266
-2575704
-2470610
-2345475
-2200943
-2037813
-1857035
-1659701
-1447043
-1220427
-981339
-731382
-472261
-205777
66191
341694
618728
895248
1169183
1438450
1700969
1954679
2197556
2427621
2642965
2841755
3022257
3182843
3322008
3438385
3530751
3598045
3639375
3654025
3641468
3601368
3533588
3438195
3315459
3165858
2990075
2788997
2563715
2315513
2045865
1756430
1449037
1125678
788497
439774
81911
-282582
-651104
-1020982
-1389487
-1753854
-2111303
-2459056
-2794359
-3114502
-3416841
-3698816
-3957971
-4191975
-4398642
-4575944
-4722036
-4835266
-4914194
-4957605
-4964522
-4934215
-4866216
-4760320
-4616597
-4435394
-4217336
-3963331
-3674565
-3352497
-2998861
-2615651
-2205114
-1769740
-1312251
-835579
-342855
162610
677346
1197747
1720091
2240565
2755291
3260350
3751811
4225757
4678313
5105672
5504128
5870099
6200156
6491049
6739737
6943410
7099511
7205767
7260202
7261162
7207333
7097755
6931838
6709375
6430550
6095946
5706553
5263766
4769389
4225629
3635094
3000783
2326076
1614723
870825
98817
-696551
-1510239
-2336940
-3171108
-4006989
-4838648
-5660005
-6464866
-7246962
-7999981
-8717606
-9393556
-10021620
-10595695
-11109829
-11558254
-11935425
-12236055
-12455154
-12588059
-12630471
-12578481
-12428605
-12177807
-11823525
-11363696
-10796770
-10121735
-9338125
-8446032
-7446120
-6339622
-5128348
-3814681
-2401572
-892534
708369
2396542
4166867
6013732
7931050
9912288
11950493
14038329
16168105
18331817
20521181
22727681
24942602
27157080
29362144
31548761
33707883
35830493
37907651
39930540
41890514
43779141
45588248
47309965
48936763
50461499
51877451
53178352
54358428
55412427
56335643
57123948
57773809
58282312
58647170
58866744
58940045
58866744
58647170
58282312
57773809
57123948
56335643
55412427
54358428
53178352
51877451
50461499
48936763
47309965
45588248
43779141
41890514
39930540
37907651
35830493
33707883
31548761
29362144
27157080
24942602
22727681
20521181
18331817
16168105
14038329
11950493
9912288
7931050
6013732
4166867
2396542
708369
-892534
-2401572
-3814681
-5128348
-6339622
-7446120
-8446032
-9338125
-10121735
-10796770
-11363696
-11823525
-12177807
-12428605
-12578481
-12630471
-12588059
-12455154
-12236055
-11935425
-11558254
-11109829
-10595695
-10021620
-9393556
-8717606
-7999981
-7246962
-6464866
-5660005
-4838648
-4006989
-3171108
-2336940
-1510239
-696551
98817
870825
1614723
2326076
3000783
3635094
4225629
4769389
5263766
5706553
6095946
6430550
6709375
6931838
7097755
7207333
7261162
7260202
7205767
7099511
6943410
6739737
6491049
6200156
5870099
5504128
5105672
4678313
4225757
3751811
3260350
2755291
2240565
1720091
1197747
677346
162610
-342855
-835579
-1312251
-1769740
-2205114
-2615651
-2998861
-3352497
-3674565
-3963331
-4217336
-4435394
-4616597
-4760320
-4866216
-4934215
-4964522
-4957605
-4914194
-4835266
-4722036
-4575944
-4398642
-4191975
-3957971
-3698816
-3416841
-3114502
-2794359
-2459056
-2111303
-1753854
-1389487
-1020982
-651104
-282582
81911
439774
788497
1125678
1449037
1756430
2045865
2315513
2563715
2788997
2990075
3165858
3315459
3438195
3533588
3601368
3641468
3654025
3639375
3598045
3530751
3438385
3322008
3182843
3022257
2841755
2642965
2427621
2197556
1954679
1700969
1438450
1169183
895248
618728
341694
66191
-205777
-472261
-731382
-981339
-1220427
-1447043
-1659701
-1857035
-2037813
-2200943
-2345475
-2470610
-2575704
-2660266
-2723966
-2766628
-2788236
-2788926
-2768988
-2728856
-2669111
-2590464
-2493760
-2379961
-2250144
-2105487
-1947261
-1776819
-1595587
-1405047
-1206733
-1002212
-793076
-580931
-367382
-154021
57582
265889
469411
666711
856419
1037239
1207957
1367452
1514698
1648773
1768867
1874281
1964434
2038866
2097237
2139333
2165058
2174443
2167635
2144899
2106616
2053273
1985464
1903881
1809308
1702614
1584747
1456723
1319622
1174574
1022754
865372
703661
538872
372261
205082
38574
-126041
-287575
-444875
-596836
-742407
-880598
-1010484
-1131216
-1242022
-1342214
-1431192
-1508444
-1573554
-1626199
-1666152
-1693285
-1707564
-1709050
-1697899
-1674357
-1638759
-1591524
-1533152
-1464219
-1385369
-1297314
-1200823
-1096717
-985863
-869167
-747565
-622019
-493506
-363012
-231527
-100033
30499
159119
284902
406957
524432
636519
742461
841557
933164
1016702
1091662
1157599
1214146
1261007
1297962
1324867
1341653
1348329
1344976
1331749
1308875
1276647
1235424
1185629
1127738
1062286
989852
911063
826581
737105
643359
546090
446062
344047
240826
137173
33860
-68356
-168736
-266564
-361151
-451844
-538023
-619114
-694584
-763952
-826785
-882707
-931396
-972588
-1006078
-1031721
-1049431
-1059182
-1061007
-1054998
-1041302
-1020121
-991710
-956375
-914468
-866384
-812560
-753468
-689614
-621531
-549777
-474929
-397581
-318335
-237801
-156588
-75304
5452
85091
163042
238754
311699
381377
447319
509089
566290
618560
665582
707080
742824
772628
796352
813905
825241
830361
829311
822183
809112
790275
765889
736209
701526
662163
618474
570840
519665
465373
408408
349224
288288
226072
163050
99698
36487
-26123
-87677
-147739
-205887
-261721
-314862
-364957
-411681
-454737
-493859
-528816
-559409
-585473
-606882
-623542
-635399
-642433
-644660
-642132
-634934
-623185
-607035
-586667
-562289
-534137
-502471
-467575
-429749
-389315
-346605
-301966
-255752
-208327
-160054
-111302
-62433
-13809
34218
81304
127117
171339
213669
253825
291543
326582
358725
387778
413574
435970
454853
470136
481759
489692
493930
494497
491444
484845
474803
461441
444907
425369
403015
378050
350697
321191
289781
256725
222289
186747
150376
113453
76258
39066
2151
-34224
-69799
-104326
-137570
-169306
-199326
-227437
-253461
-277242
-298639
-317534
-333826
-347436
-358308
-366403
-371706
-374222
-373974
-371009
-365391
-357201
-346540
-333525
-318287
-300973
-281742
-260764
-238219
-214298
-189197
-163117
-136264
-108846
-81072
-53151
-25288
2315
29460
55958
81625
106288
129784
151959
172676
191805
209233
224862
238607
250399
260184
267923
273595
277191
278719
278204
275682
271205
264838
256658
246756
235231
222196
207769
192080
175262
157458
138813
119477
99601
79340
58847
38275
17773
-2509
-22430
-41850
-60638
-78667
-95821
-111990
-127074
-140982
-153634
-164961
-174902
-183411
-190450
-195995
-200032
-202557
-203579
-203117
-201201
-197870
-193173
-187169
-179925
-171514
-162018
-151525
-140130
-127930
-115028
-101530
-87544
-73180
-58548
-43759
-28923
-14147
464
14806
28782
42297
55262
67595
79218
90060
100058
109155
117303
124461
130596
135682
139703
142650
144522
145326
145076
143793
141507
138254
134074
129016
123133
116482
109126
101132
92569
83509
74028
64200
54104
43816
33415
22977
12577
2288
-7816
-17669
-27204
-36359
-45077
-53305
-60992
-68095
-74575
-80397
-85535
-89964
-93668
-96634
-98857
-100335
-101074
-101082
-100375
-98973
-96900
-94183
-90856
-86956
-82520
-77593
-72219
-66446
-60322
-53900
-47230
-40365
-33357
-26261
-19126
-12006
-4950
1993
8777
15357
21691
27739
33464
38834
43818
48389
52523
56201
59407
62129
64358
66088
67319
68053
68296
68057
67347
66183
64582
62566
60158
57383
54269
50845
47143
43195
39033
34691
30205
25608
20935
16221
11499
6802
2163
-2387
-6820
-11105
-15218
-19134
-22829
-26284
-29479
-32400
-35031
-37361
-39381
-41085
-42467
-43526
-44262
-44677
-44777
-44567
-44056
-43255
-42176
-40833
-39242
-37418
-35381
-33148
-30740
-28177
-25481
-22672
-19772
-16804
-13789
-10748
-7704
-4675
-1683
1254
4116
6887
9550
12089
14491
16742
18832
20749
22486
24034
25388
26544
27497
28247
28794
29137
29279
29225
28977
28543
27928
27141
26190
25085
23835
22452
20946
19329
17613
15811
13935
11997
10011
7987
5940
3880
1820
-229
-2257
-4252
-6205
-8107
-9948
-11721
-13418
-15033
-16560
-17993
-19329
-20562
-21691
-22713
-23626
-24429
-25124
-25708
-26185
-26555
-26821
-26986
-27051
-27023
-26903
-26697
-26409
-26044
-25608
-25105
-24541
-23922
-23252
-22539
-21787
-21002
-20189
-19353
-18501
-17636
-16764
-15889
-15016
-14148
-13290
-12444
-11615
-10805
-10017
-9253
-8516
-7807
-7127
-6480
-5861
-5280
-4729
-4210
-3726
-3275
-2858
-2472
-2118
-1794
-1500
-1235
-996
-784
-597
-433
-291
-169
-65
21
90
146
188
219
239
249
252
248
238
223
1355
