-3281
-67630
-241178
-401077
-265363
192818
448586
9272
-638705
-395406
690971
959533
-446026
-1586759
-222614
2062665
1353513
-2100575
-2842139
1401683
4405790
255872
-5587827
-2914981
5813632
6348811
-4499454
-10008634
1201914
13034036
4216888
-14338984
-11442385
12771345
19613365
-7325038
-27306002
-2632229
32600879
17162229
-33204656
-35636707
26544588
56730275
-9642376
-78540763
-21770086
98826620
76967606
-115325686
-189617816
126100289
670403001
943896569
670403001
126100289
-189617816
-115325686
76967606
98826620
-21770086
-78540763
-9642376
56730275
26544588
-35636707
-33204656
17162229
32600879
-2632229
-27306002
-7325038
19613365
12771345
-11442385
-14338984
4216888
13034036
1201914
-10008634
-4499454
6348811
5813632
-2914981
-5587827
255872
4405790
1401683
-2842139
-2100575
1353513
2062665
-222614
-1586759
-446026
959533
690971
-395406
-638705
9272
448586
192818
-265363
-401077
-241178
-67630
-3281
